%YAML:1.0
---
CM1: !!opencv-matrix
   rows: 3
   cols: 3
   dt: d
   data: [ 9.1642272342373178e+02, 0., 3.4700939430314935e+02, 0.,
       9.1642272342373178e+02, 2.2667981662084392e+02, 0., 0., 1. ]
CM2: !!opencv-matrix
   rows: 3
   cols: 3
   dt: d
   data: [ 9.1642272342373178e+02, 0., 3.3938504054840354e+02, 0.,
       9.1642272342373178e+02, 2.3597071754017077e+02, 0., 0., 1. ]
D1: !!opencv-matrix
   rows: 1
   cols: 5
   dt: d
   data: [ 1.5213692166656917e-01, 1.3554801593562271e+00, 0., 0.,
       -1.1625925487419185e+01 ]
D2: !!opencv-matrix
   rows: 1
   cols: 5
   dt: d
   data: [ 1.1316751163873760e-01, -1.9598459721558807e+00, 0., 0.,
       1.6179696630764983e+01 ]
R: !!opencv-matrix
   rows: 3
   cols: 3
   dt: d
   data: [ 9.9958928153763027e-01, 1.0903733746499653e-02,
       -2.6502392825359881e-02, -1.1329878164795575e-02,
       9.9980807277594586e-01, -1.5982849333579612e-02,
       2.6323033561030360e-02, 1.6276553764063891e-02,
       9.9952097111651961e-01 ]
T: !!opencv-matrix
   rows: 3
   cols: 1
   dt: d
   data: [ 6.6016952615151103e+00, 1.5444181847377961e-01,
       -3.5272744871214540e-01 ]
E: !!opencv-matrix
   rows: 3
   cols: 3
   dt: d
   data: [ 6.9018151624072356e-05, 3.5517353127387469e-01,
       1.4873024671332927e-01, -5.2635922296533211e-01,
       -1.1129889404385587e-01, -6.5891847373988526e+00,
       -2.2917478936164493e-01, 6.5987442240015524e+00,
       -1.0142082296914742e-01 ]
F: !!opencv-matrix
   rows: 3
   cols: 3
   dt: d
   data: [ -2.6383459511499904e-09, -1.3577162328195957e-05,
       -2.1317258194362937e-03, 2.0121050652371829e-05,
       4.2546051952753333e-06, 2.2288533920084774e-01,
       3.2813555708272363e-03, -2.2756292980080764e-01, 1. ]
R1: !!opencv-matrix
   rows: 3
   cols: 3
   dt: d
   data: [ 9.9622463379722148e-01, 3.3367146827644786e-02,
       -8.0144323118823649e-02, -3.4012525847565533e-02,
       9.9939894357163150e-01, -6.7007218548169887e-03,
       7.9872567888234963e-02, 9.4013350376067079e-03,
       9.9676074752091326e-01 ]
R2: !!opencv-matrix
   rows: 3
   cols: 3
   dt: d
   data: [ 9.9830330876635975e-01, 2.3354573679440306e-02,
       -5.3339175044143670e-02, -2.2923791125201792e-02,
       9.9969958610843068e-01, 8.6739457619008087e-03,
       5.3525727520383350e-02, -7.4364926466630090e-03,
       9.9853877995325235e-01 ]
P1: !!opencv-matrix
   rows: 3
   cols: 4
   dt: d
   data: [ 9.1642272342373178e+02, 0., 4.3688991546630859e+02, 0., 0.,
       9.1642272342373178e+02, 2.2844152259826660e+02, 0., 0., 0., 1.,
       0. ]
P2: !!opencv-matrix
   rows: 3
   cols: 4
   dt: d
   data: [ 9.1642272342373178e+02, 0., 3.9013682556152344e+02,
       6.0602258829006214e+03, 0., 9.1642272342373178e+02,
       2.2844152259826660e+02, 0., 0., 0., 1., 0. ]
